USER 1

#####################################################################
#####################################################################
#####################################################################
 
The gaussian naive bayes:
For the gaussian naive bayes the accuracy is:  0.8795062093071915
For the gaussian naive bayes the confusion matrix is: 
[[16572    29    11   110     0     3    40]
 [  104   220    58     0     0     0     0]
 [   11    42   318   937    90   135  1549]
 [  130    68   271 12142    49     1   236]
 [    2     0    89     0  1303     0     0]
 [    0     0     0     0     0  1088   141]
 [   49   103  4901   247   141   243 39816]]
 
The scores for the cross validation are: 
[0.87960688 0.88452088 0.87714988 0.88144963 0.88820639 0.88206388
 0.88329238 0.89066339 0.86855037 0.87530713 0.87899263 0.88267813
 0.88513514 0.86977887 0.87530713 0.89127764 0.87714988 0.87891825
 0.88322065 0.87707437 0.877689   0.87461586 0.88076214 0.87953288
 0.87891825 0.87953288 0.87891825 0.88506454 0.88191882 0.88253383
 0.87884379 0.88683887 0.89298893 0.88191882 0.89175892 0.88130381
 0.88437884 0.87699877 0.87761378 0.88191882 0.87884379 0.88068881
 0.88314883 0.88560886 0.88806888 0.87699877 0.88376384 0.8800738
 0.87630769 0.87630769 0.88246154 0.87938462 0.88676923 0.87692308
 0.87630769 0.88492308 0.88       0.87815385 0.88307692 0.87630769
 0.87746305 0.87931034 0.87561576 0.86945813 0.87869458 0.88300493
 0.87007389 0.87068966 0.88300493 0.87438424 0.87068966 0.87561576
 0.87623153 0.88115764 0.87807882 0.87869458 0.87492298 0.8823167
 0.89217498 0.87669544 0.89334155 0.88471023 0.87361282 0.89087546
 0.88224414 0.8865598  0.88039457 0.87361282 0.88717633 0.88902589
 0.88039457 0.89265885 0.8827884  0.88834053 0.88834053 0.89204195
 0.87600247 0.88340531 0.8815546  0.8821715 ]
The mean score for the cross validation is:  0.8809604187563815
 
#####################################################################
#####################################################################
 
The decission tree:
The accuracy is:  0.9996430725301234
The confusion matrix is: 
[[16865     0     0     0     0     0     0]
 [    3   462     0     0     0     0     0]
 [    0     0  5637     1    12     1     0]
 [    0     0     0 13435     0     0     0]
 [    0     0    11     0  1571     0     0]
 [    0     0     0     0     0  1469     1]
 [    0     0     0     0     0     0 41781]]
 
The scores for the cross validation are: 
[0.99938575 0.99938575 0.9987715  1.         1.         1.
 1.         0.99938575 1.         1.         1.         1.
 0.99938575 1.         1.         1.         0.99938575 0.99938537
 1.         1.         0.99938537 1.         1.         1.
 1.         1.         0.99877074 1.         1.         1.
 1.         0.99938499 0.99815498 1.         0.99938499 0.99876999
 1.         1.         1.         1.         1.         1.
 1.         1.         0.99938499 0.99938499 1.         0.99876999
 0.99938462 1.         1.         1.         0.99938462 1.
 0.99876923 1.         1.         1.         1.         0.99876923
 1.         0.99938424 1.         0.99938424 1.         1.
 0.99938424 1.         1.         1.         1.         0.99938424
 1.         0.99938424 1.         1.         1.         1.
 0.99876771 1.         1.         0.99876695 0.99938348 0.99938348
 1.         1.         1.         1.         1.         1.
 1.         0.9993831  1.         1.         1.         1.
 1.         0.99876619 1.         0.9993831 ]
The mean score for the cross validation is:  0.9997353955030286
 
#####################################################################
#####################################################################
 
The Random Forest:
The accuracy is:  0.9895629484670581
The confusion matrix is: 
[[16828     0     0     0     0     0     0]
 [    4   301     1     0     0     0     0]
 [    1     7  5417   191   181     1     0]
 [   35   154   147 13245     3     0     0]
 [    0     0    75     0  1390    31     0]
 [    0     0     8     0     9  1438     0]
 [    0     0     0     0     0     0 41782]]
 
 
#####################################################################
#####################################################################
 
KNN:
The accuracy is:  0.9992369136850915
The confusion matrix is: 
[[16861     0     0     0     0     0     0]
 [    7   455     9     0     0     0     0]
 [    0     7  5608     1     0     1     0]
 [    0     0     7 13435     0     0     0]
 [    0     0    24     0  1583     0     0]
 [    0     0     0     0     0  1464     1]
 [    0     0     0     0     0     5 41781]]
 
The scores for the cross validation are: 
[0.9987715  1.         1.         0.99938575 1.         1.
 1.         0.99938575 1.         0.99938575 0.99938575 0.99938575
 0.99938575 1.         0.99938575 1.         1.         1.
 1.         1.         1.         0.99938537 0.99938537 0.99877074
 1.         0.99938537 1.         1.         1.         1.
 0.99938499 1.         0.99815498 1.         1.         1.
 1.         1.         1.         0.99938499 0.99938499 0.99938499
 1.         0.99938499 1.         0.99876999 0.99938499 1.
 1.         0.99938462 1.         1.         1.         0.99938462
 0.99938462 1.         0.99938462 1.         0.99938462 1.
 1.         1.         1.         1.         1.         1.
 0.99938424 0.99876847 1.         0.99938424 1.         0.99938424
 1.         1.         0.99938424 1.         0.99938386 0.99938386
 0.99938386 0.99938348 0.99938348 0.99938348 1.         0.99938348
 1.         1.         0.99938348 1.         1.         1.
 0.99938348 0.9993831  0.9993831  1.         0.9993831  0.9993831
 1.         1.         1.         1.        ]
The mean score for the cross validation is:  0.9996984685342514
 
#####################################################################
#####################################################################
#####################################################################

USER 2

#####################################################################
#####################################################################
#####################################################################
 
The gaussian naive bayes:
For the gaussian naive bayes the accuracy is:  0.8507659531297556
For the gaussian naive bayes the confusion matrix is: 
[[  136     0     0     0     0     0   136   159]
 [    0 21066    28     1     1     0     0     0]
 [    0   953  1448    51     0     0     0     0]
 [    0     9   165  9506  2448    51    52   915]
 [    0    34    64  1364  8641   266     0   128]
 [    0     0     0   263     0   314     0     0]
 [    1     0     0   296     0  1333  3065  1132]
 [    0     0     0   190     0     3   254 14526]]
 
The scores for the cross validation are: 
[0.86984816 0.87707881 0.83875633 0.85755604 0.85972523 0.8626175
 0.86406363 0.82284888 0.85538684 0.85900217 0.85745297 0.84515195
 0.85890014 0.86541245 0.84804631 0.85094067 0.84370478 0.85890014
 0.85238784 0.8617945  0.82633864 0.84153401 0.85455861 0.85094067
 0.84153401 0.84804631 0.85600579 0.83936324 0.85383502 0.8487699
 0.86251809 0.84793628 0.84214337 0.8435916  0.85879797 0.84648805
 0.85445329 0.84866039 0.84793628 0.85228096 0.84721217 0.83417813
 0.85952209 0.83128168 0.87328023 0.85662563 0.85879797 0.84214337
 0.84431571 0.85724638 0.8384058  0.8442029  0.84637681 0.86449275
 0.84130435 0.86376812 0.8557971  0.83333333 0.84565217 0.85072464
 0.84637681 0.84782609 0.84637681 0.86376812 0.86231884 0.86884058
 0.84782609 0.85289855 0.85072464 0.84916606 0.85714286 0.85061639
 0.84408992 0.84626541 0.86004351 0.85911402 0.84822077 0.85112564
 0.84458969 0.86564996 0.85620915 0.84822077 0.85330428 0.84822077
 0.82570806 0.8496732  0.84168482 0.85185185 0.85112564 0.8627451
 0.84520349 0.84593023 0.85828488 0.85755814 0.82703488 0.85174419
 0.84156977 0.84883721 0.8619186  0.8568314 ]
The mean score for the cross validation is:  0.8511060633221166
 
#####################################################################
#####################################################################
 
The decission tree:
The accuracy is:  0.9998840562906709
The confusion matrix is: 
[[  134     0     0     0     0     0     0     0]
 [    0 22062     0     0     0     0     0     0]
 [    0     0  1705     1     0     0     0     0]
 [    0     0     0 11670     2     1     1     0]
 [    0     0     0     0 11088     0     0     0]
 [    0     0     0     0     0  1966     0     0]
 [    0     0     0     0     0     0  3506     0]
 [    3     0     0     0     0     0     0 16860]]
 
The scores for the cross validation are: 
[1.         1.         1.         1.         1.         1.
 1.         1.         1.         1.         0.99927641 1.
 1.         1.         0.99927641 1.         1.         1.
 1.         1.         1.         1.         1.         1.
 1.         1.         1.         1.         1.         1.
 1.         1.         1.         1.         1.         1.
 0.99927589 1.         0.99927589 1.         1.         1.
 1.         1.         1.         1.         1.         1.
 1.         1.         1.         1.         1.         1.
 1.         1.         1.         1.         1.         0.99927536
 1.         1.         1.         1.         1.         1.
 1.         1.         1.         1.         1.         1.
 1.         1.         1.         1.         0.99927378 1.
 0.99927378 1.         0.99927378 1.         1.         0.99927378
 1.         1.         1.         1.         1.         1.
 1.         1.         1.         1.         1.         1.
 1.         1.         1.         1.        ]
The mean score for the cross validation is:  0.9999347509274272
 
#####################################################################
#####################################################################
 
The Random Forest:
The accuracy is:  0.9894346294873839
The confusion matrix is: 
[[  126     0     0     0     0     0     0     0]
 [    0 22062     0     0     0     0     0     0]
 [    0     0  1564     1     0     0     0     0]
 [    0     0   107 11645    77   466     5     0]
 [    0     0    34    23 11013     1     0     0]
 [    0     0     0     2     0  1498     0     0]
 [    8     0     0     0     0     2  3502     0]
 [    3     0     0     0     0     0     0 16860]]
 
 
#####################################################################
#####################################################################
 
KNN:
The accuracy is:  0.9995507181263497
The confusion matrix is: 
[[  134     0     0     0     0     0     3     0]
 [    0 22060     0     0     0     0     0     0]
 [    0     2  1705     2     0     0     0     0]
 [    0     0     0 11660     7     5     0     0]
 [    0     0     0     5 11083     0     0     0]
 [    0     0     0     3     0  1962     0     0]
 [    0     0     0     1     0     0  3504     0]
 [    3     0     0     0     0     0     0 16860]]
 
The scores for the cross validation are: 
[1.         1.         1.         1.         0.99927693 1.
 1.         1.         0.99927693 1.         0.99927641 1.
 1.         1.         0.99782923 1.         1.         1.
 1.         0.99927641 0.99927641 1.         1.         1.
 0.99855282 0.99927641 0.99927641 0.99927641 1.         0.99927641
 1.         0.99927589 0.99855177 1.         0.99927589 1.
 1.         0.99855177 0.99927589 0.99927589 0.99927589 0.99927589
 0.99927589 0.99927589 0.99927589 0.99927589 1.         1.
 1.         0.99927536 1.         0.99927536 1.         1.
 1.         1.         0.99927536 1.         1.         1.
 0.99855072 0.99855072 1.         1.         0.99927536 0.99927536
 0.99855072 0.99855072 1.         0.99927484 1.         1.
 0.99927484 0.99927484 0.99927484 1.         1.         0.99927378
 1.         0.99927378 0.99927378 0.99927378 1.         1.
 1.         1.         0.99854757 0.99927378 1.         1.
 0.99927326 1.         0.99927326 1.         1.         0.99927326
 1.         0.99927326 1.         0.99854651]
The mean score for the cross validation is:  0.9995796829641631
 
#####################################################################
#####################################################################
#####################################################################

USER 3

#####################################################################
#####################################################################
#####################################################################
 
The gaussian naive bayes:
For the gaussian naive bayes the accuracy is:  0.879145576423225
For the gaussian naive bayes the confusion matrix is: 
[[20640   376     0   140     0     0     0]
 [    0  2048   318   413     0     0     0]
 [   72     0   164  1869    22    11   371]
 [   12   270   376 10554     1    97    59]
 [    0     0   204     0  1005     0     3]
 [    0     0   125     0     0   546   102]
 [    0     0   977    43   291    32 10028]]
 
The scores for the cross validation are: 
[0.87121951 0.88390244 0.87219512 0.89365854 0.87804878 0.86536585
 0.87317073 0.89756098 0.87707317 0.86634146 0.89658537 0.88292683
 0.88390244 0.88       0.88       0.87121951 0.87414634 0.88195122
 0.88195122 0.88585366 0.87707317 0.87512195 0.88097561 0.86634146
 0.89560976 0.8702439  0.87707317 0.88585366 0.87707317 0.8897561
 0.87414634 0.88195122 0.85756098 0.89268293 0.88585366 0.86926829
 0.87902439 0.89268293 0.87804878 0.89463415 0.87792969 0.87695312
 0.88769531 0.89355469 0.88574219 0.890625   0.89550781 0.88085938
 0.88378906 0.86914062 0.89160156 0.87890625 0.87402344 0.88867188
 0.87402344 0.890625   0.88085938 0.88954057 0.8856305  0.87878788
 0.88660802 0.88660802 0.87585533 0.8856305  0.8914956  0.88074291
 0.88758553 0.87390029 0.89442815 0.88074291 0.8914956  0.86901271
 0.86608016 0.88172043 0.87964775 0.89030362 0.87659158 0.87561214
 0.89324192 0.87365328 0.87659158 0.8834476  0.8834476  0.87757101
 0.89128306 0.87659158 0.8834476  0.88540646 0.88442703 0.87169442
 0.88442703 0.88834476 0.88442703 0.89215686 0.88137255 0.87745098
 0.88431373 0.88235294 0.88627451 0.88333333]
The mean score for the cross validation is:  0.8817183365170199
 
#####################################################################
#####################################################################
 
The decission tree:
The accuracy is:  0.9998241122554672
The confusion matrix is: 
[[20724     1     0     0     0     0     0]
 [    0  2693     1     0     0     0     0]
 [    0     0  2161     1     1     1     0]
 [    0     0     0 13018     0     0     0]
 [    0     0     2     0  1318     0     0]
 [    0     0     0     0     0   683     0]
 [    0     0     0     0     0     2 10563]]
 
The scores for the cross validation are: 
[1.         1.         1.         1.         1.         1.
 1.         1.         1.         1.         1.         1.
 1.         1.         1.         1.         1.         1.
 0.99902439 1.         1.         1.         1.         1.
 1.         1.         1.         1.         1.         1.
 1.         1.         1.         1.         1.         1.
 1.         1.         1.         1.         1.         1.
 1.         1.         1.         0.99902344 1.         1.
 1.         1.         1.         1.         1.         1.
 1.         1.         0.99902344 1.         1.         1.
 1.         1.         0.99902248 1.         1.         1.
 1.         1.         1.         1.         1.         1.
 1.         1.         1.         1.         1.         1.
 1.         0.99902057 0.99902057 1.         1.         0.99902057
 1.         1.         1.         1.         1.         1.
 1.         1.         1.         1.         1.         1.
 1.         0.99901961 1.         1.        ]
The mean score for the cross validation is:  0.9999217506019206
 
#####################################################################
#####################################################################
 
The Random Forest:
The accuracy is:  0.9986906134573668
The confusion matrix is: 
[[20723     1     0     0     0     0     0]
 [    1  2693     0     0     0     0     0]
 [    0     0  2140     2    31     2     0]
 [    0     0    11 13017     2     2     0]
 [    0     0    13     0  1286     0     0]
 [    0     0     0     0     0   680     0]
 [    0     0     0     0     0     2 10563]]
 
 
#####################################################################
#####################################################################
 
KNN:
The accuracy is:  0.9991987336082394
The confusion matrix is: 
[[20724     1     0     0     0     0     0]
 [    0  2687     3     0     0     0     0]
 [    0     6  2145    10     4     0     0]
 [    0     0     3 13009     0     0     0]
 [    0     0    12     0  1315     0     0]
 [    0     0     1     0     0   686     1]
 [    0     0     0     0     0     0 10562]]
 
The scores for the cross validation are: 
[1.         1.         1.         0.99902439 0.99804878 0.99902439
 0.99902439 1.         1.         0.99902439 0.99902439 1.
 1.         0.99902439 1.         0.99707317 1.         1.
 0.99902439 1.         1.         0.99902439 1.         0.99902439
 1.         1.         0.99902439 1.         1.         0.99804878
 1.         1.         0.99902439 1.         1.         1.
 1.         1.         0.99902439 1.         1.         1.
 0.99804688 0.99902344 1.         1.         1.         1.
 0.99902344 0.99902344 1.         0.99902344 1.         1.
 1.         1.         1.         0.99902248 1.         1.
 1.         0.99902248 0.99902248 0.99902248 1.         0.99902248
 0.99902248 0.99804497 1.         1.         0.99902248 1.
 1.         1.         1.         1.         1.         0.99902057
 1.         1.         0.99902057 1.         1.         0.99804114
 1.         1.         0.99902057 1.         1.         1.
 1.         1.         0.99902057 1.         1.         1.
 1.         0.99803922 0.99901961 0.99901961]
The mean score for the cross validation is:  0.9995700822547087
 
#####################################################################
#####################################################################
#####################################################################

USER 4

#####################################################################
#####################################################################
#####################################################################
 
The gaussian naive bayes:
For the gaussian naive bayes the accuracy is:  0.7921897248727475
For the gaussian naive bayes the confusion matrix is: 
[[15420   976     2     8     0     0     0]
 [    0  1145    26     0     0     0     0]
 [   72   114  4221  2290   129    30   777]
 [  124   173   938  9424   243     0   132]
 [    0     0   356     0   528     0     0]
 [    0     0   623     0     0   909   122]
 [    0     0  4549     2   967    44 16755]]
 
The scores for the cross validation are: 
[0.80342577 0.77324633 0.80179445 0.79690049 0.78792822 0.79510204
 0.78612245 0.79428571 0.77469388 0.78612245 0.77514309 0.8004906
 0.79231398 0.77841374 0.79476697 0.7792314  0.80294358 0.80294358
 0.78904334 0.79149632 0.80212592 0.80294358 0.78659035 0.77677841
 0.79558463 0.80212592 0.78495503 0.76206051 0.80948487 0.78577269
 0.80784955 0.789861   0.78659035 0.80294358 0.80212592 0.80376124
 0.79067866 0.78168438 0.78659035 0.79296236 0.78232406 0.78232406
 0.79214403 0.78559738 0.799509   0.78378378 0.78460278 0.77559378
 0.79197379 0.79033579 0.78869779 0.78460278 0.79115479 0.78869779
 0.79279279 0.78624079 0.7977068  0.7977068  0.7985258  0.8034398
 0.78869779 0.76822277 0.78460278 0.79197379 0.7960688  0.8042588
 0.77968878 0.8034398  0.79197379 0.78787879 0.7952498  0.79197379
 0.79115479 0.78542179 0.78214578 0.8001638  0.8018018  0.79115479
 0.78705979 0.79443079 0.79443079 0.79033579 0.77723178 0.7977068
 0.78214578 0.7977068  0.7968878  0.7968878  0.80917281 0.79115479
 0.79508197 0.79590164 0.78934426 0.79016393 0.79508197 0.79180328
 0.80409836 0.77377049 0.78688525 0.79180328]
The mean score for the cross validation is:  0.791225902571607
 
#####################################################################
#####################################################################
 
The decission tree:
The accuracy is:  0.9999181656000916
The confusion matrix is: 
[[15616     0     0     0     0     0     0]
 [    0  2406     0     0     0     0     0]
 [    0     2 10712     0     0     0     0]
 [    0     0     3 11724     0     0     0]
 [    0     0     0     0  1867     0     0]
 [    0     0     0     0     0   983     0]
 [    0     0     0     0     0     0 17786]]
 
The scores for the cross validation are: 
[1.         1.         1.         1.         1.         1.
 1.         1.         1.         0.99918367 1.         0.99918234
 1.         1.         1.         1.         1.         1.
 0.99918234 1.         1.         1.         1.         1.
 0.99918234 1.         1.         1.         1.         1.
 0.99918234 1.         1.         1.         1.         0.99918234
 1.         1.         1.         1.         1.         1.
 1.         1.         1.         1.         1.         1.
 1.         1.         1.         1.         1.         1.
 1.         1.         1.         1.         1.         1.
 1.         1.         1.         1.         1.         1.
 1.         1.         0.999181   1.         0.999181   1.
 1.         1.         1.         1.         1.         1.
 1.         1.         1.         1.         1.         1.
 1.         1.         1.         1.         1.         1.
 1.         1.         1.         1.         1.         1.
 1.         1.         1.         1.        ]
The mean score for the cross validation is:  0.9999345736439067
 
#####################################################################
#####################################################################
 
The Random Forest:
The accuracy is:  0.9876593724938215
The confusion matrix is: 
[[15611     0     0     0     0     0     0]
 [    0  2361    15     0     1     0     0]
 [    4    44 10692   116   529    26     0]
 [    1     3     7 11608     0     0     0]
 [    0     0     1     0  1336     6     0]
 [    0     0     0     0     0   951     0]
 [    0     0     0     0     1     0 17786]]
 
 
#####################################################################
#####################################################################
 
KNN:
The accuracy is:  0.9995089936005499
The confusion matrix is: 
[[15615     0     0     0     0     0     0]
 [    1  2404     0     0     0     0     0]
 [    0     4 10704     2     9     2     0]
 [    0     0     6 11722     0     0     0]
 [    0     0     5     0  1858     0     0]
 [    0     0     0     0     0   980     0]
 [    0     0     0     0     0     1 17786]]
 
The scores for the cross validation are: 
[1.         1.         1.         0.99918434 0.99918434 0.99918367
 0.99918367 1.         1.         0.99918367 1.         1.
 0.99918234 1.         1.         1.         1.         1.
 1.         1.         0.99918234 1.         1.         1.
 0.99918234 1.         1.         1.         1.         1.
 1.         1.         0.99918234 0.99918234 0.99754702 0.99918234
 1.         1.         1.         1.         1.         1.
 0.99918167 1.         1.         0.999181   0.999181   0.999181
 0.999181   1.         1.         0.997543   0.999181   1.
 1.         1.         0.999181   0.999181   0.999181   1.
 1.         1.         0.999181   0.999181   1.         0.999181
 1.         1.         1.         1.         0.998362   0.999181
 0.998362   1.         1.         1.         1.         1.
 1.         1.         1.         0.999181   1.         1.
 1.         1.         0.999181   1.         1.         1.
 1.         1.         0.99918033 1.         1.         1.
 1.         1.         1.         0.99918033]
The mean score for the cross validation is:  0.9996890405357769
 
#####################################################################
#####################################################################
#####################################################################

USER 5

#####################################################################
#####################################################################
#####################################################################
 
The gaussian naive bayes:
For the gaussian naive bayes the accuracy is:  0.8794359929499119
For the gaussian naive bayes the confusion matrix is: 
[[13778    35    61    62     0     0     0]
 [  587  2308   338     0     0     0     0]
 [ 1020     7  2174  1166    57   148  1368]
 [   65   109   283 12077    28    20    39]
 [    0     0    13     0  1398     0     0]
 [    0     0     0     0     0  1267     2]
 [  119   211  3753    46    26    82 37352]]
 
The scores for the cross validation are: 
[0.9019975  0.88826467 0.90137328 0.89076155 0.89825218 0.88826467
 0.88951311 0.89513109 0.90012484 0.89388265 0.88701623 0.90262172
 0.88576779 0.89450687 0.89076155 0.90137328 0.90074906 0.89950062
 0.9051186  0.88202247 0.89319176 0.89319176 0.89194254 0.90068707
 0.89444097 0.88569644 0.89444097 0.89444097 0.89256715 0.89693941
 0.90568395 0.89256715 0.89381636 0.89569019 0.89506558 0.88257339
 0.88694566 0.8963148  0.89569019 0.88007495 0.8963148  0.89506558
 0.88819488 0.88694566 0.90381012 0.89881324 0.89943785 0.89256715
 0.89444097 0.89881324 0.904375   0.901875   0.899375   0.901875
 0.894375   0.90375    0.901875   0.90125    0.895      0.88625
 0.888125   0.901875   0.8875     0.895625   0.901875   0.898125
 0.8975     0.87875    0.911875   0.890625   0.89618512 0.89931207
 0.88993121 0.88555347 0.89681051 0.88742964 0.89868668 0.88305191
 0.89243277 0.89111389 0.88478397 0.89918597 0.89041954 0.89417658
 0.88478397 0.88728867 0.89292423 0.89542893 0.90356919 0.8791484
 0.90419537 0.90857858 0.89229806 0.88979336 0.88227927 0.90231684
 0.89104571 0.88979336 0.89981215 0.88102693]
The mean score for the cross validation is:  0.8942859987260566
 
#####################################################################
#####################################################################
 
The decission tree:
The accuracy is:  0.9994374929686621
The confusion matrix is: 
[[15569     1     0     0     0     0     0]
 [    0  2669     0     0     0     0     0]
 [    0     0  6607    24     2     0     0]
 [    0     0    10 13327     0     0     0]
 [    0     0     4     0  1505     1     0]
 [    0     0     1     0     2  1516     0]
 [    0     0     0     0     0     0 38761]]
 
The scores for the cross validation are: 
[0.99875156 1.         0.99937578 1.         1.         0.99937578
 1.         1.         1.         0.99937578 0.99875156 0.99937578
 1.         0.99937578 1.         1.         1.         0.99937578
 1.         1.         1.         1.         1.         0.99937539
 0.99937539 1.         1.         1.         0.99937539 1.
 1.         1.         0.99875078 1.         1.         0.99875078
 1.         0.99875078 1.         1.         0.99937539 1.
 1.         1.         0.99937539 1.         0.99937539 1.
 1.         0.99812617 0.999375   1.         0.998125   0.999375
 1.         1.         0.999375   0.999375   1.         1.
 0.999375   1.         1.         0.999375   1.         0.999375
 1.         0.99875    0.999375   0.999375   0.99937461 1.
 0.99937461 1.         1.         0.99937461 1.         1.
 1.         0.99937422 0.99937383 1.         1.         0.99937383
 0.99937383 0.99874765 0.99937383 1.         1.         0.99937383
 1.         0.99937383 1.         1.         1.         1.
 1.         0.99937383 1.         0.99937383]
The mean score for the cross validation is:  0.9996687496286216
 
#####################################################################
#####################################################################
 
The Random Forest:
The accuracy is:  0.997062463280791
The confusion matrix is: 
[[15569     1     0     0     0     0     0]
 [    0  2638     0     0     0     0     0]
 [    0    12  6577    65    40    41     0]
 [    0    19    24 13286     3     0     0]
 [    0     0    11     0  1459     0     0]
 [    0     0    10     0     7  1474     0]
 [    0     0     0     0     0     2 38761]]
 
 
#####################################################################
#####################################################################
 
KNN:
The accuracy is:  0.9997749971874649
The confusion matrix is: 
[[15569     3     0     0     0     0     0]
 [    0  2665     0     0     0     0     0]
 [    0     2  6616     2     2     0     0]
 [    0     0     2 13349     0     0     0]
 [    0     0     3     0  1507     0     0]
 [    0     0     1     0     0  1516     2]
 [    0     0     0     0     0     1 38759]]
 
The scores for the cross validation are: 
[1.         0.99937578 1.         1.         0.99937578 1.
 1.         1.         0.99937578 1.         0.99875156 1.
 1.         1.         1.         1.         1.         1.
 1.         1.         1.         1.         1.         0.99937539
 1.         0.99937539 1.         1.         0.99937539 1.
 1.         1.         1.         1.         1.         0.99937539
 1.         1.         1.         1.         1.         1.
 1.         1.         0.99937539 1.         0.99937539 1.
 1.         0.99937539 0.999375   1.         1.         1.
 0.999375   1.         1.         1.         1.         0.99875
 1.         1.         1.         1.         1.         1.
 1.         1.         1.         1.         1.         1.
 1.         1.         1.         1.         1.         1.
 1.         1.         0.99937383 1.         0.99937383 1.
 0.99937383 0.99937383 1.         1.         1.         1.
 1.         1.         0.99937383 0.99937383 1.         1.
 1.         1.         1.         1.        ]
The mean score for the cross validation is:  0.99986249589582
 
#####################################################################
#####################################################################
#####################################################################

USER 6

#####################################################################
#####################################################################
#####################################################################
 
The gaussian naive bayes:
For the gaussian naive bayes the accuracy is:  0.8532981305625346
For the gaussian naive bayes the confusion matrix is: 
[[   24     0   111   303     7     0     0     0]
 [    1 21081    35     0     1     0     0     0]
 [    0   908  1414     1     0     0     0     0]
 [   64    15   150  9152  2229   248    42   686]
 [    9    42    64  1393  8750   259     0   143]
 [    0     0     0   335     0   399     0     0]
 [    0     0     0   337     0  1056  3158  1380]
 [    0     0     0   219     0     1   296 16136]]
 
The scores for the cross validation are: 
[0.85067233 0.85845718 0.85350318 0.86128804 0.85704176 0.85562633
 0.84784147 0.85279547 0.85208776 0.85138004 0.84713376 0.85481586
 0.84135977 0.85127479 0.85694051 0.8703966  0.86048159 0.86189802
 0.85623229 0.83498584 0.85623229 0.85694051 0.86473088 0.82436261
 0.84065156 0.85269122 0.84065156 0.83852691 0.84985836 0.82719547
 0.84479093 0.85116938 0.85542169 0.85967399 0.84904323 0.84893617
 0.86453901 0.84822695 0.84822695 0.8530873  0.85653409 0.859375
 0.85085227 0.84375    0.85511364 0.85511364 0.84303977 0.84303977
 0.86434659 0.84517045 0.86150568 0.84446023 0.86150568 0.85227273
 0.85582386 0.85085227 0.85014205 0.85866477 0.86434659 0.85440341
 0.85003554 0.8493248  0.8713575  0.85287846 0.85429993 0.86069652
 0.86638237 0.83653163 0.85643213 0.85074627 0.86496091 0.83937456
 0.86567164 0.84577114 0.84719261 0.86211798 0.83724236 0.86282871
 0.83084577 0.85003554 0.86567164 0.8493248  0.85216773 0.86211798
 0.85714286 0.85216773 0.85074627 0.85998579 0.86567164 0.86059744
 0.84139403 0.8655761  0.86628734 0.86059744 0.8485064  0.84768683
 0.86405694 0.8455516  0.86548043 0.85338078]
The mean score for the cross validation is:  0.8531032018738938
 
#####################################################################
#####################################################################
 
The decission tree:
The accuracy is:  0.9999006373404874
The confusion matrix is: 
[[   97     0     0     0     0     0     0     0]
 [    0 22046     1     0     0     0     0     0]
 [    0     0  1773     0     0     0     0     0]
 [    1     0     0 11737     0     0     1     0]
 [    0     0     0     0 10987     0     0     0]
 [    0     0     0     3     0  1963     0     0]
 [    0     0     0     0     0     0  3494     0]
 [    0     0     0     0     0     0     1 18345]]
 
The scores for the cross validation are: 
[1.         1.         1.         1.         1.         1.
 1.         0.99929229 1.         1.         1.         1.
 1.         1.         1.         1.         1.         1.
 1.         1.         1.         1.         1.         1.
 1.         1.         0.99929178 1.         1.         1.
 1.         1.         1.         1.         1.         1.
 1.         1.         1.         1.         1.         0.99928977
 1.         1.         1.         1.         1.         1.
 1.         1.         0.99857955 1.         1.         1.
 1.         1.         1.         1.         1.         1.
 1.         1.         1.         1.         1.         0.99928927
 0.99928927 0.99928927 1.         1.         1.         1.
 1.         1.         1.         1.         1.         1.
 1.         0.99928927 1.         1.         1.         1.
 1.         1.         1.         1.         1.         1.
 0.99928876 1.         1.         1.         1.         1.
 1.         1.         1.         1.        ]
The mean score for the cross validation is:  0.9999289922303146
 
#####################################################################
#####################################################################
 
The Random Forest:
The accuracy is:  0.9847691237632897
The confusion matrix is: 
[[    4     0     0     0     0     0     0     0]
 [    0 22033     1     0     0     0     0     0]
 [    3     0  1529     0     0     0     0     0]
 [   49    12   206 11722   137   557     7     0]
 [   42     1    38    14 10850     0     0     0]
 [    0     0     0     4     0  1406     0     0]
 [    0     0     0     0     0     0  3487     0]
 [    0     0     0     0     0     0     2 18345]]
 
 
#####################################################################
#####################################################################
 
KNN:
The accuracy is:  0.9995315760337266
The confusion matrix is: 
[[   96     0     3     8     1     0     0     0]
 [    0 22046     1     0     0     0     0     0]
 [    1     0  1770     0     0     0     0     0]
 [    1     0     0 11721     3     0     2     0]
 [    0     0     0     3 10983     0     0     0]
 [    0     0     0     8     0  1963     0     0]
 [    0     0     0     0     0     0  3492     0]
 [    0     0     0     0     0     0     2 18345]]
 
The scores for the cross validation are: 
[1.         1.         1.         0.99858457 0.99858457 1.
 1.         0.99929229 1.         1.         1.         0.99929178
 0.99787535 0.99929178 1.         1.         1.         0.99929178
 0.99929178 1.         1.         1.         0.99929178 1.
 0.99929178 0.99929178 0.99929178 1.         0.99929178 1.
 1.         0.99858257 1.         0.99929128 1.         0.99929078
 1.         0.99929078 1.         1.         1.         1.
 1.         0.99928977 1.         0.99928977 0.99857955 0.99857955
 0.99928977 0.99928977 1.         0.99928977 1.         0.99928977
 0.99928977 1.         1.         1.         1.         0.99857955
 1.         0.99928927 1.         1.         1.         0.99928927
 0.99928927 0.99928927 1.         1.         0.99928927 0.99928927
 0.99928927 1.         1.         0.99857854 1.         0.99928927
 1.         0.9978678  1.         1.         1.         0.99928927
 0.99857854 0.99928927 1.         0.99857854 1.         1.
 0.99857752 1.         1.         1.         1.         1.
 1.         1.         1.         1.        ]
The mean score for the cross validation is:  0.999602589159528
 
#####################################################################
#####################################################################
#####################################################################


USER 7

#####################################################################
#####################################################################
#####################################################################
 
The gaussian naive bayes:
For the gaussian naive bayes the accuracy is:  0.8774831593025681
For the gaussian naive bayes the confusion matrix is: 
[[16294   676    18    81     0     0     0]
 [    7   710    12     0     0     0     0]
 [   29   255  3481  4453   667    48   771]
 [   82   163   313  8748    33    48    43]
 [    0     0   297     0   756     0     0]
 [    0     0    38     0     0   755   304]
 [    1     2  1005    88    46   505 40770]]
 
The scores for the cross validation are: 
[0.88120024 0.8817402  0.87806373 0.88112745 0.8817402  0.8817402
 0.87561275 0.87438725 0.88664216 0.875      0.87683824 0.88357843
 0.87867647 0.87928922 0.87071078 0.86764706 0.86764706 0.88970588
 0.87745098 0.88412017 0.8908645  0.88534641 0.87982833 0.87553648
 0.88412017 0.8877989  0.88718578 0.87553648 0.88534641 0.89822195
 0.88534641 0.88963826 0.87798896 0.86940527 0.87492336 0.88228081
 0.87247088 0.87676272 0.88412017 0.87737584 0.88718578 0.88289393
 0.87492336 0.86940527 0.87860208 0.88657265 0.87860208 0.89209074
 0.88412017 0.8803681  0.8803681  0.87177914 0.87730061 0.8803681
 0.8803681  0.88404908 0.86993865 0.86441718 0.8797546  0.89631902
 0.87538367 0.88643339 0.87783917 0.89502762 0.88029466 0.87783917
 0.88581952 0.8839779  0.87170043 0.87538367 0.87407862 0.87653563
 0.87837838 0.87653563 0.89004914 0.86425061 0.87899263 0.88820639
 0.87714988 0.87346437 0.87776413 0.88267813 0.88329238 0.88513514
 0.87469287 0.88574939 0.87469287 0.86425061 0.89434889 0.88574939
 0.88206388 0.87469287 0.87653563 0.87346437 0.87530713 0.87592138
 0.88022113 0.87407862 0.88759214 0.87162162]
The mean score for the cross validation is:  0.8797963636549488
 
#####################################################################
#####################################################################
 
The decission tree:
The accuracy is:  0.9999509196431858
The confusion matrix is: 
[[16413     1     0     0     0     0     0]
 [    0  1805     1     0     0     0     0]
 [    0     0  5163     2     0     0     0]
 [    0     0     0 13368     0     0     0]
 [    0     0     0     0  1502     0     0]
 [    0     0     0     0     0  1356     0]
 [    0     0     0     0     0     0 41888]]
 
The scores for the cross validation are: 
[0.99938763 1.         1.         1.         0.99938725 1.
 1.         0.99938725 1.         1.         1.         1.
 1.         1.         1.         1.         1.         1.
 1.         1.         1.         1.         1.         1.
 1.         1.         1.         1.         1.         1.
 1.         1.         1.         1.         1.         1.
 1.         1.         1.         1.         1.         1.
 1.         1.         1.         1.         1.         1.
 1.         1.         1.         1.         1.         1.
 1.         0.9993865  1.         1.         1.         1.
 1.         1.         0.99938613 1.         1.         1.
 1.         1.         0.99938613 1.         1.         1.
 1.         1.         1.         0.99938575 1.         1.
 1.         1.         1.         1.         1.         1.
 1.         1.         1.         1.         1.         1.
 1.         0.99938575 1.         1.         1.         1.
 1.         1.         1.         1.        ]
The mean score for the cross validation is:  0.999950923946874
 
#####################################################################
#####################################################################
 
The Random Forest:
The accuracy is:  0.9947606719100848
The confusion matrix is: 
[[16402     1     0     0     0     0     0]
 [    3  1787     0     0     0     0     0]
 [    0    10  5127    67   289     4     0]
 [    8     8    24 13303     0     0     0]
 [    0     0    12     0  1213     0     0]
 [    0     0     1     0     0  1352     0]
 [    0     0     0     0     0     0 41888]]
 
 
#####################################################################
#####################################################################
 
KNN:
The accuracy is:  0.9994601160750438
The confusion matrix is: 
[[16413     1     0     0     0     0     0]
 [    0  1805     0     0     0     0     0]
 [    0     0  5147    12     4     0     0]
 [    0     0     2 13358     0     0     0]
 [    0     0     8     0  1498     0     0]
 [    0     0     7     0     0  1350     4]
 [    0     0     0     0     0     6 41884]]
 
The scores for the cross validation are: 
[1.         1.         1.         1.         0.99938725 0.99754902
 1.         1.         0.99877451 0.99938725 1.         1.
 1.         1.         0.99938725 1.         0.99938725 1.
 1.         1.         0.99938688 1.         0.99938688 1.
 0.99938688 1.         0.99938688 1.         1.         0.99938688
 1.         0.99877376 0.99938688 0.99877376 1.         0.99938688
 1.         1.         1.         0.99938688 1.         0.99938688
 1.         0.99938688 1.         0.99938688 0.99877376 1.
 0.99877376 0.9993865  1.         1.         0.9993865  0.9993865
 1.         0.99877301 1.         0.9993865  0.9993865  0.99815951
 1.         1.         1.         1.         0.99938613 1.
 0.99877225 1.         0.99938613 0.99877225 1.         1.
 1.         0.9987715  1.         0.9987715  0.99938575 0.99815725
 0.99938575 1.         0.9987715  0.99938575 1.         1.
 0.99938575 0.9987715  1.         1.         0.99938575 1.
 1.         1.         0.99938575 0.9987715  1.         1.
 0.9987715  1.         0.99938575 1.        ]
The mean score for the cross validation is:  0.9995889153001754
 
#####################################################################
#####################################################################
#####################################################################

USER 8

#####################################################################
#####################################################################
#####################################################################
 
The gaussian naive bayes:
For the gaussian naive bayes the accuracy is:  0.6656908071131465
For the gaussian naive bayes the confusion matrix is: 
[[   80  6311    21  4102  1614     0     0     0]
 [    6 13638    41   306     2     0     0     0]
 [    0  2034  1726     4     0     0     0     0]
 [    1     0     0  4760  1678   137   161  1555]
 [    0    37     0  1480  7760   121     0    61]
 [    0     0     0  1075     0  1678     0     0]
 [    0     0     0   445     0     0  2811  1736]
 [    0     0     0   114     0    18     7 13479]]
 
The scores for the cross validation are: 
[0.67557803 0.68641618 0.70086705 0.68208092 0.67268786 0.65846599
 0.69898698 0.67293777 0.67366136 0.6845152  0.69464544 0.66787265
 0.67872648 0.69175109 0.70549928 0.66497829 0.66136035 0.67293777
 0.67366136 0.69175109 0.66280753 0.68668596 0.68234443 0.69319826
 0.67872648 0.69392185 0.68234443 0.68885673 0.68306802 0.67510854
 0.68885673 0.670767   0.70332851 0.67510854 0.67221418 0.65821868
 0.69225199 0.69514844 0.68066618 0.69492754 0.67753623 0.67826087
 0.69492754 0.65942029 0.6884058  0.67608696 0.67681159 0.68768116
 0.66594203 0.67608696 0.688905   0.6831037  0.67005076 0.67657723
 0.69035533 0.68165337 0.67440174 0.66424946 0.69978245 0.67295141
 0.69108049 0.6751269  0.68237854 0.68237854 0.67222625 0.6555475
 0.68455402 0.69180566 0.68672951 0.67222625 0.68817984 0.68092821
 0.66497462 0.65192168 0.67150109 0.67295141 0.67585207 0.68020305
 0.6751269  0.68817984 0.67198839 0.67851959 0.68214804 0.65674891
 0.67198839 0.68700073 0.68772694 0.69208424 0.68700073 0.66739288
 0.68554829 0.68917938 0.69208424 0.68046478 0.71169208 0.68264343
 0.66013072 0.69644154 0.67465505 0.6637618 ]
The mean score for the cross validation is:  0.6801419357091835
 
#####################################################################
#####################################################################
 
The decission tree:
The accuracy is:  0.9998550703633386
The confusion matrix is: 
[[   86     0     0     3     0     0     0     0]
 [    0 22020     2     0     0     0     0     0]
 [    0     0  1786     0     0     0     0     0]
 [    1     0     0 12281     0     1     0     0]
 [    0     0     0     0 11054     0     0     0]
 [    0     0     0     2     0  1953     0     0]
 [    0     0     0     0     0     0  2979     1]
 [    0     0     0     0     0     0     0 16830]]
 
The scores for the cross validation are: 
[1.         1.         1.         1.         1.         1.
 0.99927641 1.         1.         1.         1.         1.
 1.         1.         1.         1.         1.         1.
 1.         1.         1.         1.         1.         1.
 1.         1.         1.         0.99927641 1.         1.
 1.         1.         1.         0.99927641 1.         1.
 1.         1.         1.         1.         1.         1.
 1.         1.         1.         1.         0.99927536 1.
 1.         0.99927536 1.         0.99927484 0.99927484 1.
 1.         1.         1.         1.         1.         1.
 1.         1.         1.         1.         1.         1.
 1.         1.         0.99927484 1.         1.         1.
 1.         1.         1.         1.         1.         1.
 1.         1.         1.         1.         1.         1.
 1.         1.         1.         1.         1.         1.
 0.99927378 1.         0.99927378 1.         1.         1.
 1.         1.         1.         1.        ]
The mean score for the cross validation is:  0.9999275203532322
 
#####################################################################
#####################################################################
 
The Random Forest:
The accuracy is:  0.9910143625269932
The confusion matrix is: 
[[   44     0     0     1     0     0     0     0]
 [    0 22011     2     0     0     0     0     0]
 [    0     0  1786     0     0     0     0     0]
 [   17     9     0 12157    67   363     5     0]
 [   26     0     0     1 10987     0     0     0]
 [    0     0     0   127     0  1591     0     0]
 [    0     0     0     0     0     0  2972     0]
 [    0     0     0     0     0     0     2 16831]]
 
 
#####################################################################
#####################################################################
 
KNN:
The accuracy is:  0.9994492673806866
The confusion matrix is: 
[[   83     0     0     5     0     0     0     0]
 [    0 22020     1     0     0     0     0     0]
 [    0     0  1787     0     0     0     0     0]
 [    2     0     0 12270    10     5     1     0]
 [    2     0     0     5 11044     0     0     0]
 [    0     0     0     6     0  1949     0     0]
 [    0     0     0     0     0     0  2978     1]
 [    0     0     0     0     0     0     0 16830]]
 
The scores for the cross validation are: 
[1.         1.         1.         1.         0.99927746 1.
 1.         1.         1.         1.         1.         0.99927641
 1.         1.         1.         1.         0.99927641 1.
 0.99927641 0.99927641 1.         1.         0.99927641 1.
 1.         1.         1.         1.         0.99927641 0.99927641
 1.         1.         1.         0.99927641 1.         0.99782766
 1.         1.         1.         1.         1.         1.
 0.99927536 0.99927536 0.99927536 0.99782609 1.         1.
 1.         0.99927536 0.99927484 1.         0.99927484 0.99927484
 1.         0.99927484 1.         1.         1.         0.99927484
 1.         0.99927484 1.         1.         0.99854967 1.
 1.         1.         1.         0.99927484 0.99927484 1.
 1.         1.         0.99927484 1.         1.         1.
 0.99927484 0.99854967 1.         1.         1.         0.99927431
 0.99927431 0.99854757 1.         1.         0.99854757 1.
 0.99927378 1.         0.99854757 0.99927378 1.         0.99927378
 0.99927378 1.         0.99927378 0.99854757]
The mean score for the cross validation is:  0.9996519946554665
 
#####################################################################
#####################################################################
#####################################################################

USER 9

#####################################################################
#####################################################################
#####################################################################
 
The gaussian naive bayes:
For the gaussian naive bayes the accuracy is:  0.8407801460974703
For the gaussian naive bayes the confusion matrix is: 
[[ 1160   229     0   469     0     0     0     0]
 [    8 17378     0   150    63     0     0     0]
 [  228   234   151     0     0     0     0     0]
 [   43    76     0   691  3077     4   156   870]
 [   55    34     0  1090  9294   174    27   235]
 [    0     0     0   278     0   522     0     0]
 [    0     0     0     3     0     0   166    23]
 [   20    22     0  2888  1012   900   906 40733]]
 
The scores for the cross validation are: 
[0.85936565 0.83303411 0.84320766 0.84081388 0.85098743 0.84440455
 0.83542789 0.84619988 0.83123878 0.8438061  0.84560144 0.8491921
 0.84500299 0.83482944 0.83782166 0.84371257 0.84550898 0.85449102
 0.85389222 0.84371257 0.83582984 0.84601558 0.84062313 0.8472139
 0.84361893 0.84002397 0.84182145 0.83403235 0.84481726 0.84421809
 0.84703059 0.84583083 0.83923215 0.84823035 0.84583083 0.84283143
 0.84703059 0.83563287 0.83623275 0.84283143 0.83683263 0.85062987
 0.84523095 0.83503299 0.84163167 0.84043191 0.85362927 0.84163167
 0.84703059 0.84763047 0.84643071 0.84583083 0.86502699 0.83683263
 0.84043191 0.84643071 0.84583083 0.84763047 0.83503299 0.84223155
 0.83733493 0.84393758 0.8487395  0.84813926 0.83433373 0.85894358
 0.8487395  0.85534214 0.83373349 0.84273709 0.83793517 0.84753902
 0.83673469 0.84093637 0.83433373 0.84213685 0.84333733 0.83553421
 0.84273709 0.84933974 0.84453782 0.8577431  0.84933974 0.83373349
 0.83793517 0.84273709 0.84153661 0.84693878 0.85054022 0.84624625
 0.84744745 0.83483483 0.84804805 0.84024024 0.84264264 0.8359375
 0.84314904 0.85697115 0.84375    0.85036058]
The mean score for the cross validation is:  0.8437981577407041
 
#####################################################################
#####################################################################
 
The decission tree:
The accuracy is:  0.9999040410704219
The confusion matrix is: 
[[ 1513     0     0     2     0     0     0     0]
 [    0 17973     0     0     0     0     0     0]
 [    1     0   151     0     0     0     0     0]
 [    0     0     0  5566     1     2     0     0]
 [    0     0     0     0 13445     0     0     0]
 [    0     0     0     1     0  1598     0     0]
 [    0     0     0     0     0     0  1255     1]
 [    0     0     0     0     0     0     0 41860]]
 
The scores for the cross validation are: 
[1.         1.         1.         1.         0.99940156 1.
 1.         1.         1.         1.         1.         1.
 1.         0.99940156 1.         1.         1.         1.
 0.9994012  1.         1.         1.         1.         1.
 1.         1.         1.         1.         1.         1.
 0.99940012 1.         1.         1.         1.         1.
 1.         1.         1.         1.         1.         1.
 1.         1.         1.         1.         1.         1.
 1.         1.         1.         1.         1.         1.
 1.         1.         1.         1.         1.         0.99940012
 1.         1.         1.         1.         0.99939976 1.
 1.         1.         1.         1.         1.         1.
 1.         1.         1.         1.         1.         1.
 1.         0.99939976 1.         1.         1.         1.
 0.99879952 1.         1.         1.         1.         1.
 1.         1.         1.         1.         1.         1.
 1.         1.         1.         1.        ]
The mean score for the cross validation is:  0.9999460358908169
 
#####################################################################
#####################################################################
 
The Random Forest:
The accuracy is:  0.9926711367534695
The confusion matrix is: 
[[ 1420     5     4     5     3     0     0     0]
 [    0 17964     0     0     0     0     0     0]
 [    0     0   147     0     0     0     0     0]
 [   73     1     0  5535    19   408    30     0]
 [   21     3     0    26 13424     1     2     0]
 [    0     0     0     2     0  1191     2     0]
 [    0     0     0     1     0     0  1216     0]
 [    0     0     0     0     0     0     5 41861]]
 
 
#####################################################################
#####################################################################
 
KNN:
The accuracy is:  0.9995202053521093
The confusion matrix is: 
[[ 1509     0     1     1     0     0     0     0]
 [    0 17973     0     0     0     0     0     0]
 [    0     0   150     0     0     0     0     0]
 [    5     0     0  5558    12     0     1     0]
 [    0     0     0     5 13434     0     0     0]
 [    0     0     0     5     0  1600     0     0]
 [    0     0     0     0     0     0  1250     6]
 [    0     0     0     0     0     0     4 41855]]
 
The scores for the cross validation are: 
[0.99880311 1.         1.         1.         0.99880311 1.
 0.99940156 0.99940156 1.         1.         1.         0.99940156
 1.         0.99940156 1.         0.9994012  1.         1.
 1.         1.         1.         0.99940084 1.         0.99880168
 0.99880168 1.         0.99940084 0.99940084 0.99940084 0.99940084
 1.         1.         0.99940012 0.99940012 1.         1.
 1.         0.99940012 1.         1.         1.         0.99940012
 1.         0.99940012 0.99940012 1.         1.         1.
 1.         0.99940012 0.99940012 1.         0.99940012 1.
 1.         1.         1.         1.         1.         0.99940012
 0.99939976 0.99939976 0.99939976 1.         0.99939976 1.
 0.99939976 1.         1.         1.         1.         1.
 1.         1.         0.99939976 0.99939976 1.         1.
 1.         0.99939976 1.         0.99939976 1.         1.
 0.99879952 0.99939976 1.         0.99939976 1.         1.
 1.         1.         0.9993994  0.9993994  1.         1.
 1.         1.         0.99939904 1.        ]
The mean score for the cross validation is:  0.9997361711044361
 
#####################################################################
#####################################################################
#####################################################################

USER 10

#####################################################################
#####################################################################
#####################################################################
 
The gaussian naive bayes:
For the gaussian naive bayes the accuracy is:  0.7974573731446868
For the gaussian naive bayes the confusion matrix is: 
[[19915   101   272     4     0     0     0]
 [ 2073  1637   134     0     0     0     0]
 [   46    10  8817  3031   151    57  1021]
 [   33     1  1374  7922   216     1    36]
 [    0     0   272     0   149     0     0]
 [    0     0   791     0  1352  3348  1414]
 [    0     0   164     0     0   287  8770]]
 
The scores for the cross validation are: 
[0.79150275 0.79150275 0.79622345 0.81825334 0.77340677 0.80330448
 0.78284815 0.815893   0.81667978 0.78599528 0.78835563 0.78914241
 0.78678206 0.78756884 0.79464988 0.78678206 0.78678206 0.78127459
 0.79622345 0.79701023 0.78992919 0.79228954 0.79543666 0.80959874
 0.79858379 0.80015736 0.79858379 0.79937057 0.80802518 0.80330448
 0.79701023 0.78740157 0.78503937 0.79685039 0.77716535 0.80378251
 0.78486998 0.78250591 0.79196217 0.79669031 0.79669031 0.77935382
 0.78959811 0.78644602 0.7998424  0.78092987 0.79511426 0.80614657
 0.78723404 0.78120063 0.8056872  0.78988942 0.79146919 0.77804107
 0.80173776 0.79620853 0.79383886 0.8135861  0.81121643 0.79541864
 0.78830964 0.80252765 0.78751975 0.77409163 0.78436019 0.80726698
 0.80884676 0.79304897 0.80094787 0.81595577 0.80489731 0.80015798
 0.78909953 0.79383886 0.80726698 0.80173776 0.80015798 0.78120063
 0.79304897 0.81200632 0.79936809 0.7985782  0.7906793  0.79304897
 0.80489731 0.78515008 0.79304897 0.81042654 0.77883096 0.79620853
 0.79130435 0.81106719 0.78656126 0.78893281 0.79525692 0.79920949
 0.7943038  0.80617089 0.81091772 0.80063291]
The mean score for the cross validation is:  0.7952926911894213
 
#####################################################################
#####################################################################
 
The decission tree:
The accuracy is:  0.9998895881638512
The confusion matrix is: 
[[22067     0     0     0     0     0     0]
 [    0  1749     0     0     0     0     0]
 [    0     0 11823     0     3     0     0]
 [    0     0     1 10957     0     0     0]
 [    0     0     0     0  1865     0     0]
 [    0     0     0     0     0  3690     0]
 [    0     0     0     0     0     3 11241]]
 
The scores for the cross validation are: 
[1.         1.         1.         0.99921322 1.         1.
 1.         1.         1.         1.         0.99921322 0.99842644
 0.99921322 1.         1.         1.         1.         1.
 1.         1.         1.         1.         0.99921322 1.
 1.         1.         1.         1.         0.99921322 0.99921322
 1.         1.         1.         1.         1.         1.
 0.99921198 1.         1.         1.         1.         1.
 1.         1.         1.         1.         1.         1.
 1.         1.         1.         1.         1.         0.99921011
 1.         1.         1.         1.         0.99921011 1.
 1.         1.         1.         1.         1.         1.
 1.         1.         1.         1.         1.         1.
 1.         0.99921011 1.         1.         1.         1.
 1.         1.         1.         1.         1.         1.
 1.         1.         1.         1.         1.         0.99921011
 0.99920949 1.         1.         1.         1.         1.
 1.         1.         1.         1.        ]
The mean score for the cross validation is:  0.999889676499485
 
#####################################################################
#####################################################################
 
The Random Forest:
The accuracy is:  0.9914509692581902
The confusion matrix is: 
[[22067     0     0     0     0     0     0]
 [    0  1725     0     0     0     0     0]
 [    0    24 11812    70   407    26     0]
 [    0     0     7 10887     0     0     0]
 [    0     0     5     0  1461     0     0]
 [    0     0     0     0     0  3664     0]
 [    0     0     0     0     0     3 11241]]
 
 
#####################################################################
#####################################################################
 
KNN:
The accuracy is:  0.9994952601776054
The confusion matrix is: 
[[22067     1     0     0     0     0     0]
 [    0  1746     0     0     0     0     0]
 [    0     2 11812     8     5     1     0]
 [    0     0     5 10949     0     0     0]
 [    0     0     6     0  1863     0     0]
 [    0     0     1     0     0  3689     0]
 [    0     0     0     0     0     3 11241]]
 
The scores for the cross validation are: 
[0.99921322 1.         1.         1.         1.         1.
 1.         1.         0.99921322 0.99921322 1.         0.99921322
 0.99921322 1.         1.         1.         0.99842644 0.99921322
 0.99842644 1.         0.99921322 1.         0.99921322 0.99921322
 0.99921322 1.         1.         1.         1.         0.99921322
 1.         1.         1.         1.         1.         0.99921198
 0.99763593 0.99921198 0.99921198 0.99921198 0.99921198 1.
 0.99921198 0.99921198 1.         1.         0.99921198 1.
 1.         1.         1.         1.         1.         0.99842022
 0.99921011 0.99921011 1.         1.         1.         0.99921011
 1.         1.         1.         1.         1.         0.99921011
 1.         0.99921011 1.         0.99842022 0.99921011 0.99921011
 1.         1.         0.99921011 0.99921011 1.         0.99921011
 0.99921011 1.         0.99921011 0.99921011 0.99921011 1.
 0.99921011 1.         1.         0.99921011 1.         0.99842022
 1.         0.99920949 0.99920949 0.99920949 0.99920949 1.
 1.         1.         1.         0.99920886]
The mean score for the cross validation is:  0.9995819926465159
 
#####################################################################
#####################################################################
#####################################################################

USER 11

#####################################################################
#####################################################################
#####################################################################
 
The gaussian naive bayes:
For the gaussian naive bayes the accuracy is:  0.8292738970588235
For the gaussian naive bayes the confusion matrix is: 
[[26764   718   992  1472     0     0    59]
 [    0   279    74     0     0     0     0]
 [  265    76  1348  1497    38     4   542]
 [   26   102   539  5964    35     0    47]
 [    0     0   126     0   678     0     0]
 [    0     0   247     0     0   476   134]
 [    0     0  1013    12   861    37  7799]]
 
The scores for the cross validation are: 
[0.84064885 0.85114504 0.84064885 0.83778626 0.84923664 0.83683206
 0.84255725 0.84637405 0.82251908 0.82442748 0.83206107 0.84732824
 0.84446565 0.85114504 0.84255725 0.83110687 0.82729008 0.82442748
 0.85591603 0.83683206 0.83969466 0.84255725 0.83969466 0.84064885
 0.83969466 0.83858644 0.83285578 0.83285578 0.85195798 0.82999045
 0.83938815 0.83460803 0.83365201 0.85564054 0.8499044  0.83078394
 0.85277247 0.82600382 0.83843212 0.85946463 0.83938815 0.84608031
 0.85946463 0.83938815 0.84416826 0.8374761  0.84608031 0.85181644
 0.83843212 0.83062201 0.85153257 0.83221477 0.85139022 0.83509108
 0.8590604  0.84755513 0.84276127 0.84659636 0.83988495 0.82646213
 0.85234899 0.8379674  0.82550336 0.85618408 0.83029722 0.82262704
 0.83892617 0.84276127 0.82837967 0.82629559 0.85028791 0.84165067
 0.83109405 0.84740883 0.85028791 0.8443804  0.82612872 0.84630163
 0.84341979 0.81748319 0.84053794 0.82612872 0.84534102 0.82901057
 0.83189241 0.84053794 0.82997118 0.83477426 0.83573487 0.84630163
 0.84149856 0.84245917 0.84822286 0.84053794 0.82901057 0.84726225
 0.84245917 0.83477426 0.83957733 0.84149856]
The mean score for the cross validation is:  0.8398722237953479
 
#####################################################################
#####################################################################
 
The decission tree:
The accuracy is:  0.9999234068627451
The confusion matrix is: 
[[27053     0     0     0     0     0     0]
 [    2  1175     0     0     0     0     0]
 [    0     0  4339     2     0     0     0]
 [    0     0     0  8943     0     0     0]
 [    0     0     0     0  1612     0     0]
 [    0     0     0     0     0   517     0]
 [    0     0     0     0     0     0  8581]]
 
The scores for the cross validation are: 
[1.         1.         1.         1.         1.         1.
 1.         1.         1.         1.         1.         1.
 1.         1.         1.         1.         1.         1.
 0.9990458  1.         1.         1.         1.         0.9990458
 1.         1.         1.         1.         1.         1.
 1.         1.         1.         1.         1.         0.99904398
 1.         0.99904398 1.         1.         1.         1.
 1.         1.         1.         1.         1.         1.
 1.         1.         1.         1.         1.         1.
 0.99904123 1.         1.         1.         1.         1.
 1.         0.99904123 1.         0.99904123 1.         1.
 1.         1.         1.         1.         1.         1.
 1.         1.         1.         1.         1.         0.99903939
 1.         1.         1.         1.         1.         1.
 1.         1.         1.         1.         1.         1.
 1.         1.         1.         1.         1.         1.
 1.         1.         1.         1.        ]
The mean score for the cross validation is:  0.9999234262405831
 
#####################################################################
#####################################################################
 
The Random Forest:
The accuracy is:  0.9903684129901961
The confusion matrix is: 
[[27053     0     0     0     0     0     0]
 [    2  1067     0     0     0     0     0]
 [    0    69  4298    41   241    51     0]
 [    0    39    21  8904     2     0     0]
 [    0     0    20     0  1369    17     0]
 [    0     0     0     0     0   449     0]
 [    0     0     0     0     0     0  8581]]
 
 
#####################################################################
#####################################################################
 
KNN:
The accuracy is:  0.9992723651960784
The confusion matrix is: 
[[27051     0     0     0     0     0     0]
 [    4  1171     2     0     0     0     0]
 [    0     4  4319     3     4     2     0]
 [    0     0     5  8942     0     0     0]
 [    0     0    11     0  1608     0     0]
 [    0     0     2     0     0   514     0]
 [    0     0     0     0     0     1  8581]]
 
The scores for the cross validation are: 
[1.         1.         1.         1.         0.9980916  1.
 1.         0.9990458  1.         0.9990458  0.9990458  0.9971374
 0.9990458  1.         0.9990458  0.9990458  1.         1.
 0.9990458  1.         1.         1.         1.         1.
 0.9980916  1.         1.         1.         1.         1.
 0.99808795 0.99904398 0.99904398 0.99808795 1.         0.99904398
 1.         1.         0.99904398 1.         1.         1.
 1.         0.99904398 0.99904398 1.         1.         1.
 1.         1.         1.         1.         0.99808245 0.99712368
 0.99904123 1.         1.         0.99904123 1.         1.
 1.         1.         0.99904123 0.99712368 1.         0.99808245
 0.99904123 0.99808245 1.         0.99904031 0.99904031 1.
 0.99904031 0.99904031 1.         1.         1.         0.99903939
 1.         1.         1.         0.99903939 1.         1.
 1.         0.99903939 0.99807877 1.         0.99903939 0.99903939
 1.         0.99903939 0.99807877 0.99903939 1.         1.
 1.         0.99807877 1.         1.        ]
The mean score for the cross validation is:  0.999454138636867
 
#####################################################################
#####################################################################
#####################################################################

USER 12

#####################################################################
#####################################################################
#####################################################################
 
The gaussian naive bayes:
For the gaussian naive bayes the accuracy is:  0.8942284219703575
For the gaussian naive bayes the confusion matrix is: 
[[23880   153   111    28     2     0    20]
 [    2   766    74     0     0     0     0]
 [  372  1078  5273  2468   393   110   256]
 [   83   191   233 12726    60     7   150]
 [    0     0    43     0  1362     0     0]
 [    0     0     0     0     0   380    52]
 [    0     0   100     0     5    75  6897]]
 
The scores for the cross validation are: 
[0.89139878 0.89826087 0.89826087 0.90086957 0.87826087 0.89478261
 0.8973913  0.89565217 0.89043478 0.89478261 0.89391304 0.89304348
 0.90521739 0.89217391 0.89913043 0.89565217 0.90521739 0.89565217
 0.88956522 0.89217391 0.89304348 0.89913043 0.91043478 0.90173913
 0.88782609 0.9026087  0.89826087 0.90086957 0.91391304 0.88869565
 0.8989547  0.90418118 0.90243902 0.89721254 0.90853659 0.90069686
 0.89808362 0.89982578 0.88763066 0.88763066 0.89014821 0.89189189
 0.90148213 0.89799477 0.89276373 0.88666085 0.90148213 0.89450741
 0.90148213 0.88568935 0.88646288 0.88122271 0.89082969 0.89170306
 0.90131004 0.88733624 0.88646288 0.89170306 0.89344978 0.91004367
 0.87947598 0.88646288 0.91703057 0.89170306 0.88558952 0.88733624
 0.90480349 0.90131004 0.90742358 0.89257642 0.89868996 0.90393013
 0.89344978 0.92139738 0.89956332 0.90043668 0.88733624 0.89257642
 0.89257642 0.90567686 0.88908297 0.89606987 0.88296943 0.89781659
 0.90393013 0.90917031 0.89257642 0.90829694 0.90131004 0.89781659
 0.89606987 0.89519651 0.91179039 0.90043668 0.89868996 0.90655022
 0.90742358 0.90218341 0.89519651 0.89344978]
The mean score for the cross validation is:  0.8968354474578011
 
#####################################################################
#####################################################################
 
The decission tree:
The accuracy is:  0.9999825632083696
The confusion matrix is: 
[[24337     1     0     0     0     0     0]
 [    0  2187     0     0     0     0     0]
 [    0     0  5834     0     0     0     0]
 [    0     0     0 15222     0     0     0]
 [    0     0     0     0  1822     0     0]
 [    0     0     0     0     0   572     0]
 [    0     0     0     0     0     0  7375]]
 
The scores for the cross validation are: 
[1.         1.         1.         1.         1.         1.
 1.         1.         0.99913043 1.         0.99913043 1.
 1.         1.         1.         1.         1.         1.
 1.         1.         1.         1.         0.99913043 1.
 1.         1.         1.         1.         1.         1.
 1.         1.         1.         1.         0.99912892 1.
 1.         1.         0.99912892 1.         1.         1.
 1.         1.         1.         1.         1.         1.
 1.         1.         0.99912664 1.         1.         1.
 1.         1.         1.         1.         1.         1.
 1.         1.         1.         1.         1.         1.
 1.         1.         1.         1.         1.         1.
 0.99912664 1.         0.99912664 1.         1.         1.
 1.         1.         1.         1.         1.         1.
 1.         1.         1.         1.         0.99912664 1.
 0.99912664 1.         1.         1.         1.         1.
 1.         1.         1.         1.        ]
The mean score for the cross validation is:  0.99991282331842
 
#####################################################################
#####################################################################
 
The Random Forest:
The accuracy is:  0.9862772449869224
The confusion matrix is: 
[[24337     1     0     0     0     0     0]
 [    0  2182    19     0     0     0     0]
 [    0     0  5651   236   208    78     0]
 [    0     5   116 14986    26    31     0]
 [    0     0    40     0  1588    14     0]
 [    0     0     8     0     0   444     0]
 [    0     0     0     0     0     5  7375]]
 
 
#####################################################################
#####################################################################
 
KNN:
The accuracy is:  0.9992502179598953
The confusion matrix is: 
[[24337     1     0     0     0     0     0]
 [    0  2173     8     0     0     0     0]
 [    0    14  5817     0     2     0     0]
 [    0     0     3 15222     0     0     0]
 [    0     0     6     0  1820     0     0]
 [    0     0     0     0     0   566     3]
 [    0     0     0     0     0     6  7372]]
 
The scores for the cross validation are: 
[1.         1.         1.         1.         1.         1.
 1.         1.         1.         0.99826087 0.99913043 1.
 1.         1.         1.         1.         1.         1.
 0.99826087 1.         1.         1.         0.99913043 1.
 0.99913043 0.9973913  0.99913043 0.99913043 1.         0.99913043
 1.         1.         1.         1.         0.99825784 0.99825784
 0.99825784 0.99738676 1.         0.99912892 0.99912816 1.
 0.99912816 0.99912816 1.         1.         1.         1.
 1.         1.         1.         1.         1.         1.
 1.         0.99912664 1.         0.99912664 1.         1.
 1.         1.         1.         1.         1.         1.
 1.         1.         1.         1.         1.         1.
 1.         0.99825328 0.99825328 0.99912664 0.99912664 0.99825328
 1.         1.         1.         0.99912664 0.99912664 1.
 1.         0.99912664 1.         0.99912664 1.         0.99912664
 0.99912664 0.99912664 1.         0.99825328 1.         0.99912664
 1.         0.99912664 1.         1.        ]
The mean score for the cross validation is:  0.9995902872068193
 
#####################################################################
#####################################################################
#####################################################################

USER 13

#####################################################################
#####################################################################
#####################################################################
 
The gaussian naive bayes:
For the gaussian naive bayes the accuracy is:  0.7982497634815515
For the gaussian naive bayes the confusion matrix is: 
[[8068   21   40    2    0    0    0]
 [ 492  667   77    0    0    0    0]
 [ 630   88 1656 1713  107   67  660]
 [   1   37  583 7082    4    6   73]
 [   0    0  403    0 1117    0    0]
 [   0    0  139    0    0  535   22]
 [   0    0 1165   17  477    0 7875]]
 
The scores for the cross validation are: 
[0.83676471 0.83357879 0.79970545 0.82179676 0.8011782  0.79675994
 0.79528719 0.80265096 0.80265096 0.80412371 0.83799705 0.79528719
 0.82768778 0.8365243  0.83505155 0.81590574 0.83505155 0.8173785
 0.83210604 0.79234168 0.83333333 0.79351032 0.81858407 0.82300885
 0.80678466 0.83333333 0.81858407 0.80530973 0.82300885 0.82153392
 0.81268437 0.80973451 0.81858407 0.79498525 0.80825959 0.82448378
 0.81120944 0.78613569 0.78761062 0.81710914 0.80235988 0.82300885
 0.80530973 0.77433628 0.82300885 0.83038348 0.81268437 0.81710914
 0.80235988 0.8478582  0.83259259 0.82666667 0.80740741 0.8237037
 0.82814815 0.81185185 0.81777778 0.79111111 0.81037037 0.79851852
 0.80148148 0.80888889 0.80296296 0.80148148 0.80296296 0.81481481
 0.81481481 0.80592593 0.81037037 0.84148148 0.8237037  0.82518519
 0.79259259 0.7837037  0.80888889 0.82518519 0.81481481 0.81777778
 0.81777778 0.83531157 0.84272997 0.82492582 0.79228487 0.80267062
 0.83382789 0.82047478 0.78783383 0.82789318 0.82344214 0.8264095
 0.83531157 0.83679525 0.81305638 0.81750742 0.81008902 0.78931751
 0.81454006 0.79673591 0.80563798 0.78783383]
The mean score for the cross validation is:  0.813936263579161
 
#####################################################################
#####################################################################
 
The decission tree:
The accuracy is:  0.9999408703878903
The confusion matrix is: 
[[9191    1    0    0    0    0    0]
 [   0  812    0    0    0    0    0]
 [   0    0 4063    1    0    0    0]
 [   0    0    0 8813    0    0    0]
 [   0    0    0    0 1705    0    0]
 [   0    0    0    0    0  608    0]
 [   0    0    0    0    0    0 8630]]
 
The scores for the cross validation are: 
[1.         1.         1.         1.         1.         1.
 1.         1.         1.         1.         0.99852725 1.
 1.         1.         1.         1.         1.         1.
 1.         1.         1.         1.         1.         1.
 1.         1.         1.         1.         1.         1.
 1.         1.         1.         1.         1.         1.
 1.         1.         1.         1.         0.99852507 1.
 1.         1.         1.         1.         1.         1.
 1.         1.         1.         1.         1.         1.
 1.         1.         1.         1.         1.         1.
 1.         1.         0.99851852 1.         1.         1.
 1.         0.99851852 1.         1.         1.         1.
 1.         0.99851852 1.         1.         1.         1.
 1.         0.99851632 1.         1.         1.         1.
 1.         1.         1.         1.         1.         0.99851632
 1.         0.99851632 1.         1.         1.         1.
 1.         1.         1.         1.        ]
The mean score for the cross validation is:  0.9998815683667612
 
#####################################################################
#####################################################################
 
The Random Forest:
The accuracy is:  0.9707308420056765
The confusion matrix is: 
[[9191    1    0    0    0    0    0]
 [   0  714    0    0    0    0    0]
 [   0   63 4045  292  369  207    0]
 [   0   35   15 8522    2    0    0]
 [   0    0    3    0 1334    2    0]
 [   0    0    0    0    0  398    0]
 [   0    0    0    0    0    1 8630]]
 
 
#####################################################################
#####################################################################
 
KNN:
The accuracy is:  0.9991426206244087
The confusion matrix is: 
[[9191    0    0    0    0    0    0]
 [   0  813    1    0    0    0    0]
 [   0    0 4058   11    4    0    0]
 [   0    0    3 8803    0    0    0]
 [   0    0    0    0 1701    0    0]
 [   0    0    1    0    0  599    0]
 [   0    0    0    0    0    9 8630]]
 
The scores for the cross validation are: 
[1.         0.99852725 1.         1.         1.         1.
 1.         1.         0.99852725 1.         0.99852725 1.
 1.         1.         1.         1.         1.         1.
 1.         1.         0.99852507 0.99852507 1.         1.
 0.99705015 1.         1.         0.99852507 1.         1.
 1.         1.         1.         0.99852507 1.         0.99852507
 1.         0.99852507 1.         1.         0.99852507 1.
 1.         0.99705015 1.         0.99705015 1.         0.99852507
 1.         1.         1.         1.         1.         1.
 1.         0.99851852 0.99851852 0.99851852 0.99851852 0.99555556
 1.         1.         1.         1.         1.         1.
 1.         1.         1.         1.         1.         1.
 1.         0.99555556 1.         0.99703704 1.         1.
 1.         1.         1.         0.99851632 1.         1.
 0.99851632 1.         0.99851632 1.         1.         0.99851632
 1.         1.         1.         1.         1.         1.
 0.99851632 1.         1.         0.99851632]
The mean score for the cross validation is:  0.9994825291536905
 
#####################################################################
#####################################################################
#####################################################################

USER 14

#####################################################################
#####################################################################
#####################################################################
 
The gaussian naive bayes:
For the gaussian naive bayes the accuracy is:  0.8632706851108546
For the gaussian naive bayes the confusion matrix is: 
[[25213     9   122   166     0     0     6]
 [  242   243     0     0     0     0     0]
 [  756     6  3908  2848   116    30   254]
 [   67     0   467 11642    67    88    97]
 [    0     0   171     0  1404     0     0]
 [    0     0     1     0     0   287    53]
 [    0     0  1782     0   202   387  7415]]
 
The scores for the cross validation are: 
[0.86597938 0.84965636 0.8419244  0.83848797 0.86512027 0.83920894
 0.83920894 0.85726569 0.8460877  0.85898538 0.85640585 0.84178848
 0.86758383 0.84522786 0.85640585 0.8605852  0.86746988 0.84423408
 0.85370052 0.84595525 0.86132644 0.84582257 0.86477175 0.86735573
 0.86391042 0.86391042 0.82859604 0.86132644 0.85185185 0.8501292
 0.85788114 0.85874246 0.86218777 0.8501292  0.86046512 0.85529716
 0.88372093 0.84582257 0.86218777 0.83893196 0.85529716 0.86563307
 0.85099053 0.85529716 0.83634798 0.85099053 0.85874246 0.86046512
 0.84496124 0.84323859 0.84582257 0.85185185 0.83893196 0.84409991
 0.85099053 0.85788114 0.84409991 0.85615848 0.84237726 0.86821705
 0.85874246 0.86218777 0.84668389 0.83979328 0.85529716 0.84668389
 0.8372093  0.84323859 0.84754522 0.86218777 0.84582257 0.87338501
 0.85874246 0.84840655 0.87155172 0.85689655 0.85948276 0.8612069
 0.86465517 0.85517241 0.86551724 0.85431034 0.86206897 0.85862069
 0.85431034 0.86798965 0.8645384  0.86194996 0.8714409  0.84987058
 0.86712683 0.84383089 0.86281277 0.84900777 0.85591027 0.84037964
 0.85849871 0.84814495 0.85504745 0.86885246]
The mean score for the cross validation is:  0.8545316348697917
 
#####################################################################
#####################################################################
 
The decission tree:
The accuracy is:  0.999896639046323
The confusion matrix is: 
[[26278     0     0     0     0     0     0]
 [    0   256     0     0     0     0     0]
 [    0     2  6451     1     0     1     0]
 [    0     0     0 14655     0     0     0]
 [    0     0     0     0  1789     0     0]
 [    0     0     0     0     0   789     0]
 [    0     0     0     0     0     2  7825]]
 
The scores for the cross validation are: 
[1.         1.         1.         1.         1.         1.
 0.99914015 1.         0.99914015 1.         1.         1.
 0.99914015 1.         1.         1.         1.         1.
 1.         1.         1.         1.         1.         1.
 1.         1.         1.         1.         1.         1.
 1.         1.         1.         1.         1.         1.
 1.         1.         1.         1.         1.         1.
 1.         1.         1.         1.         1.         1.
 1.         1.         1.         1.         1.         1.
 1.         1.         1.         0.99913867 0.99913867 1.
 1.         1.         1.         1.         1.         1.
 1.         1.         1.         0.99913867 1.         1.
 0.99913867 1.         1.         1.         1.         1.
 1.         1.         0.99913793 1.         1.         1.
 1.         1.         1.         1.         0.99913719 1.
 1.         1.         1.         1.         1.         1.
 1.         1.         1.         0.99913719]
The mean score for the cross validation is:  0.9999138746404076
 
#####################################################################
#####################################################################
 
The Random Forest:
The accuracy is:  0.9907836482971283
The confusion matrix is: 
[[26278     1     0     0     0     0     0]
 [    0   241     1     0     0     0     0]
 [    0    16  6413   168   297     5     0]
 [    0     0    15 14488     4     1     0]
 [    0     0    22     0  1488     0     1]
 [    0     0     0     0     0   782     0]
 [    0     0     0     0     0     4  7824]]
 
 
#####################################################################
#####################################################################
 
KNN:
The accuracy is:  0.9994315147547761
The confusion matrix is: 
[[26276     0     0     0     0     0     0]
 [    2   258     3     0     0     0     0]
 [    0     0  6431     1     3     0     0]
 [    0     0    10 14655     0     0     0]
 [    0     0     5     0  1786     0     0]
 [    0     0     2     0     0   785     0]
 [    0     0     0     0     0     7  7825]]
 
The scores for the cross validation are: 
[0.99914089 1.         0.99914089 0.99914089 1.         1.
 0.99914015 1.         1.         1.         1.         1.
 1.         1.         0.99914015 1.         1.         1.
 0.99913941 1.         1.         1.         1.         1.
 1.         1.         0.99741602 1.         1.         0.99913867
 0.99913867 0.99913867 1.         1.         0.99913867 0.99913867
 0.99913867 1.         1.         0.99827735 1.         0.99827735
 1.         1.         1.         1.         0.99827735 1.
 1.         1.         1.         0.99913867 1.         1.
 0.99827735 1.         0.99913867 0.99913867 1.         0.99913867
 1.         1.         1.         1.         1.         1.
 1.         1.         1.         1.         1.         1.
 1.         1.         0.99913793 1.         1.         1.
 1.         1.         0.99827586 1.         1.         0.99913793
 0.99913793 0.99913719 1.         1.         1.         0.99913719
 0.99913719 1.         1.         0.99913719 0.99913719 1.
 1.         0.99913719 1.         0.99913719]
The mean score for the cross validation is:  0.9996640451524658
 
#####################################################################
#####################################################################
#####################################################################

USER 15

#####################################################################
#####################################################################
#####################################################################
 
The gaussian naive bayes:
For the gaussian naive bayes the accuracy is:  0.8099480183191946
For the gaussian naive bayes the confusion matrix is: 
[[24798   317   457  2299     4     0    20]
 [  727  1856   250    11     0     0     0]
 [  322    42  1110   909   107    22  1084]
 [   29    33   948  5457    74     4    98]
 [    0     0   119     0   809     0     0]
 [    0     0     0     0     0   409   135]
 [    0     0  1081     0   659    84  7475]]
 
The scores for the cross validation are: 
[0.80231437 0.82931533 0.81388621 0.82738669 0.82835101 0.82256509
 0.80810029 0.82449373 0.82063645 0.82931533 0.80869565 0.81352657
 0.81835749 0.80869565 0.83478261 0.81835749 0.82995169 0.8173913
 0.8173913  0.83285024 0.81835749 0.82415459 0.80966184 0.81642512
 0.82318841 0.79806763 0.82898551 0.81545894 0.82125604 0.82318841
 0.82512077 0.82415459 0.80193237 0.79613527 0.82512077 0.82898551
 0.80676329 0.82222222 0.81545894 0.82512077 0.81835749 0.82608696
 0.82125604 0.81835749 0.82028986 0.81835749 0.81642512 0.8
 0.80193237 0.83574879 0.81835749 0.81932367 0.80772947 0.81835749
 0.81932367 0.84251208 0.8115942  0.81352657 0.80289855 0.8173913
 0.80966184 0.80289855 0.80869565 0.82318841 0.8057971  0.8173913
 0.8115942  0.81932367 0.83091787 0.80966184 0.82318841 0.8115942
 0.80869565 0.84541063 0.80676329 0.83285024 0.79903382 0.82318841
 0.80676329 0.82125604 0.83268859 0.82301741 0.81914894 0.83268859
 0.82011605 0.82301741 0.81141199 0.8172147  0.82495164 0.79980658
 0.83075435 0.83172147 0.79980658 0.81141199 0.80851064 0.81237911
 0.83655706 0.81818182 0.81624758 0.839303  ]
The mean score for the cross validation is:  0.8183075894634885
 
#####################################################################
#####################################################################
 
The decission tree:
The accuracy is:  0.9999420278652728
The confusion matrix is: 
[[25876     1     0     0     0     0     0]
 [    0  2247     0     0     0     0     0]
 [    0     0  3965     0     1     0     0]
 [    0     0     0  8676     0     0     0]
 [    0     0     0     0  1652     0     0]
 [    0     0     0     0     0   519     1]
 [    0     0     0     0     0     0  8811]]
 
The scores for the cross validation are: 
[1.         1.         1.         0.99903568 1.         1.
 1.         1.         0.99903568 1.         1.         1.
 1.         1.         1.         1.         1.         1.
 1.         1.         1.         1.         0.99903382 1.
 1.         1.         1.         1.         0.99903382 1.
 1.         1.         1.         1.         1.         1.
 1.         1.         1.         1.         1.         1.
 1.         1.         1.         1.         1.         0.99903382
 0.99903382 1.         1.         1.         1.         1.
 0.99903382 1.         1.         1.         1.         1.
 1.         1.         1.         1.         1.         1.
 1.         1.         0.99903382 1.         1.         1.
 1.         1.         1.         1.         1.         1.
 1.         1.         1.         1.         1.         1.
 1.         1.         1.         1.         1.         1.
 1.         1.         1.         1.         1.         1.
 1.         1.         1.         1.        ]
The mean score for the cross validation is:  0.9999227425824213
 
#####################################################################
#####################################################################
 
The Random Forest:
The accuracy is:  0.9768304701540126
The confusion matrix is: 
[[25876     1     0     0     0     0     0]
 [    0  2129     0     0     0     0     0]
 [    0    24  3634     5   422   177     0]
 [    0    94   322  8671    58    26     0]
 [    0     0     9     0  1172    59     0]
 [    0     0     0     0     1   256     0]
 [    0     0     0     0     0     1  8812]]
 
 
#####################################################################
#####################################################################
 
KNN:
The accuracy is:  0.9993043343832732
The confusion matrix is: 
[[25876     1     0     0     0     0     0]
 [    0  2246     0     0     0     0     0]
 [    0     1  3947     7     2     0     0]
 [    0     0     8  8669     0     0     0]
 [    0     0    10     0  1651     0     0]
 [    0     0     0     0     0   513     1]
 [    0     0     0     0     0     6  8811]]
 
The scores for the cross validation are: 
[1.         1.         1.         0.99903568 1.         1.
 1.         1.         1.         1.         1.         1.
 1.         1.         1.         1.         1.         0.99903382
 1.         0.99806763 0.99903382 0.99903382 0.99903382 1.
 0.99903382 1.         1.         1.         1.         0.99903382
 1.         1.         1.         1.         0.99806763 0.99903382
 1.         0.99903382 0.99903382 0.99903382 1.         1.
 1.         1.         1.         0.99806763 1.         0.99710145
 0.99903382 1.         0.99806763 1.         1.         1.
 0.99710145 0.99903382 1.         0.99903382 0.99903382 1.
 1.         0.99903382 1.         1.         0.99903382 1.
 0.99806763 1.         0.99903382 0.99903382 1.         1.
 1.         1.         0.99903382 1.         1.         1.
 1.         1.         0.99903288 0.99903288 1.         0.99806576
 1.         0.99806576 0.99806576 1.         0.99903288 1.
 1.         0.99903288 1.         0.99903288 1.         1.
 0.99903288 1.         0.99903288 1.        ]
The mean score for the cross validation is:  0.999526467208758
 
#####################################################################
#####################################################################
#####################################################################

